Polyhedron{
A{
   0.773199     0.11942    0.128259   -0.576654   -0.273927   0.0783283           0           0           0           0
   0.186593   0.0084722   0.0647332    0.219393   -0.973221    0.169623           0           0           0           0
  -1.72e-06   -1.12e-06   -0.705771   -4.12e-06   0.0561511    0.705765           0           0           0           0
 -0.0007536    0.344005   0.0548817   -0.452125   -0.748107   0.0554738           0           0           0           0
   0.583244   -0.121236   -0.136299   -0.761597    0.287719  -0.0832273           0           0           0           0
  -0.708719 -0.00191545 -0.00212362    0.705434  0.00923656 -0.00198491           0           0           0           0
  -0.501993    0.412856   -0.338715    -0.70477    0.107421  -0.0589722           0           0           0           0
 -0.0079596   -0.762563   -0.593568   -0.340412     0.33152   -0.287148           0           0           0           0
   0.134088    0.123581   -0.825216   -0.373107    0.302132     -0.4533           0           0           0           0
   0.213252   -0.737729   -0.616836   -0.113148    0.322648   -0.305637           0           0           0           0
   0.340497   -0.758502  -0.0636514    0.540365    0.094898  -0.0150524           0           0           0           0
  -0.170974  -0.0768362  -0.0506272  -0.0955827    0.975901   -0.148159           0           0           0           0
   -0.21628    0.251743   -0.477133    0.288735  -0.0411648    -0.74962           0           0           0           0
    0.55041    0.546512   -0.137804     0.64413  -0.0659659  -0.0284664           0           0           0           0
  0.0732983    0.319178   -0.452745    0.412174  -0.0584214   -0.710916           0           0           0           0
   0.313665     0.38977    0.507381     0.15648   0.0293681   -0.677222           0           0           0           0
   0.192168   0.0863609     0.78292    0.107431   0.0577422   -0.559493           0           0           0           0
  -0.293778   -0.405425    0.597923    0.126046   0.0514021    0.599926           0           0           0           0
   0.723097    0.413477    0.590019    0.222499   -0.298303    0.254303           0           0           0           0
          0           0           0           0           0          -1           0           0           0           0
          0           0           0           0    0.558002    0.382054   -0.628086  -0.0287501     0.07297   -0.376861
          0           0           0           0   -0.942613   -0.315724  -0.0323777   0.0963124   0.0381817  0.00411583
          0           0           0           0   -0.184564    0.090047   -0.192762   -0.321208    0.343848    -0.83622
          0           0           0           0   -0.102123  0.00305548   -0.590316   -0.444868   -0.569769    0.344303
          0           0           0           0  -0.0224168   -0.219739    0.926411   -0.302016  -0.0419215 -0.00183036
          0           0           0           0    0.846166    0.168459    0.152309   0.0430452  -0.0841153    0.472756
          0           0           0           0   -0.421626   -0.350029    0.830406   0.0106941  -0.0990932  -0.0142503
          0           0           0           0  -0.0812237    0.325186   -0.125941    0.025877   -0.886702   -0.291353
          0           0           0           0   -0.183157   0.0605173   -0.405228   -0.395436    0.599727    0.531544
          0           0           0           0    0.352718   -0.107803    0.404796   0.0921706    0.662548   -0.502636
          0           0           0           0 -0.00407484    0.232374    0.227578    0.812461   -0.372462   -0.308825
          0           0              0           0   -0.148314    0.192827   0.0480374    0.935771   -0.159495    0.193411
          0           0           0           0   -0.285996    0.805894    0.194024     0.30219      0.2991    0.224314
}
b{
  3.78472   0.426809 -0.771432 0.731582  1.06898 -0.874681 -0.548086  -6.56011 -0.127327  -4.91151  -1.46553    0.5079   1.19766   9.40101   3.30244    6.3117   4.31042  -1.11083   8.62258   1.71977 0.0343364   -2.4909  -3.66465  -5.66561 -0.0176519   5.70697  -1.03391  -7.76507   5.76258   4.85508  0.443183   4.70376    8.2951
}
}


